0 1.0 0.110465116279 0.198952879581
1 0.809523809524 0.25 0.38202247191
2 0.980633802817 0.73001310616 0.836964688204
3 1.0 0.0126582278481 0.025
4 1.0 0.539215686275 0.700636942675
5 0.587073608618 0.815461346633 0.68267223382
6 0 0.0 0
7 0.553516819572 0.861904761905 0.674115456238
8 0.972067039106 0.542056074766 0.696
9 0 0.0 0
10 0 0.0 0
11 0 0.0 0
12 0 0.0 0
13 0.0747126436782 0.209677419355 0.110169491525
14 0.881355932203 0.276595744681 0.421052631579
15 0.965616045845 0.435400516796 0.60017809439
16 0.358895705521 0.6 0.449136276392
17 0.982300884956 0.555 0.709265175719
18 0 0.0 0
19 0.195845697329 0.366666666667 0.255319148936
20 0.921241050119 0.755381604697 0.830107526882
21 0.464135021097 0.564102564103 0.509259259259
22 0.235751295337 0.905472636816 0.374100719424
23 0.980769230769 0.36690647482 0.534031413613
24 0 0.0 0
25 0.555555555556 0.420792079208 0.478873239437
26 0.224093264249 0.827751196172 0.352701325178
