0.939581
0.319173
0.2344
0.920793
0.218801
0.56213
0.700927
0.92093
0.933244
0.935189
0.641079
0.87252
0.187815
0.258953
0.273135
0.175713
0.955483
0.834149
0.175526
0.178608
0.972565
0.138682
0.22341
0.211644
0.0760742
0.0546371
0.363459
0.075259
0.722893
0.094418
0.770694
0.758245
0.0323708
0.952327
0.901806
0.879711
0.924622
0.128968
0.129302
0.266033
0.494412
0.0876209
0.178786
0.0740357
0.434293
0.122456
0.742554
0.404323
0.921137
0.951382
0.762891
0.0249979
0.100657
0.0965322
0.0519549
0.0294353
0.863589
0.0382855
0.377321
0.726543
0.365073
0.545318
0.0993228
0.0152647
0.223383
0.947623
0.469071
0.094796
0.119274
0.103849
0.892231
0.144071
0.207617
0.186187
0.299611
0.983092
0.571657
0.0220718
0.0488443
0.0551077
0.886457
0.76156
0.891092
0.26829
0.725477
0.218714
0.0742306
0.588009
0.0195987
0.845539
0.139895
0.149249
0.95037
0.810174
0.798417
0.7895
0.477003
0.618305
0.220072
0.0209833
0.0434572
0.536195
0.0834993
0.964619
0.886884
0.708623
0.264037
0.862397
0.82737
0.0329021
0.558297
0.0525505
0.210674
0.0209862
0.0546335
0.0350801
0.655555
0.951432
0.0662473
0.878332
0.886777
0.914658
0.947624
0.140472
0.571925
0.125315
0.960226
0.116428
0.144236
0.785653
0.494174
0.71986
0.202395
0.90814
0.555172
0.306908
0.118043
0.634608
0.0129018
0.660054
0.94498
0.337981
0.638533
0.269311
0.599552
0.960175
0.32754
0.866
0.81294
0.0963901
0.0805929
0.0643878
0.0599289
0.524503
0.090582
0.0146062
0.91425
0.099679
0.256111
0.792869
0.209856
0.30514
0.0737626
0.973046
0.422082
0.288575
0.120137
0.242253
0.363209
0.0981908
0.178623
0.953846
0.884709
0.186489
0.0406988
0.566512
0.980489
0.262377
0.760488
0.121971
0.238016
0.906658
0.574693
0.204022
0.4868
0.227619
0.942566
0.780838
0.26327
0.905048
0.263722
0.90975
0.171349
0.749869
0.179158
0.0708873
0.228737
0.0594161
0.0744765
0.912851
0.548122
0.876739
0.938552
0.671999
0.95209
0.0915801
0.0703824
0.694292
0.69019
0.203514
0.387002
0.151202
0.0548762
0.986192
0.0662101
0.035965
0.0846738
0.575073
0.596147
0.0517132
0.883986
0.916748
0.155885
0.957258
0.0717409
0.264632
0.532387
0.518587
0.0136319
0.141764
0.734668
0.602767
0.245614
0.795376
0.902651
0.967238
0.164705
0.878579
0.227872
0.0547694
0.757143
0.177138
0.244756
0.711406
0.205952
0.843907
0.843924
0.0799947
0.371948
0.975569
0.830592
0.0860737
0.468646
0.14512
0.0917728
0.150796
0.259667
0.89871
0.159984
0.248539
0.0383753
0.973085
0.169442
0.0615764
0.296504
0.282559
0.155552
0.0811339
0.607967
0.975936
