0 1.0 0.110465116279 0.198952879581
1 0.809523809524 0.25 0.38202247191
2 0.980633802817 0.73001310616 0.836964688204
3 0.989010989011 0.569620253165 0.722891566265
4 1.0 0.5 0.666666666667
5 0.996941896024 0.812967581047 0.895604395604
6 0.993055555556 0.748691099476 0.853731343284
7 0.989010989011 0.857142857143 0.918367346939
8 0.972067039106 0.542056074766 0.696
9 0.941520467836 0.621621621622 0.748837209302
10 0.940170940171 0.547263681592 0.691823899371
11 1.0 0.766467065868 0.867796610169
12 1.0 0.153333333333 0.265895953757
13 1.0 0.0483870967742 0.0923076923077
14 0.881355932203 0.276595744681 0.421052631579
15 0.965616045845 0.435400516796 0.60017809439
16 1.0 0.533333333333 0.695652173913
17 0.991150442478 0.56 0.715654952077
18 1.0 0.110552763819 0.199095022624
19 1.0 0.333333333333 0.5
20 0.921334922527 0.756360078278 0.830736163353
21 0.851851851852 0.235897435897 0.369477911647
22 0.831683168317 0.417910447761 0.556291390728
23 0.945736434109 0.585131894484 0.722962962963
24 0.909090909091 0.511627906977 0.654761904762
25 0.943089430894 0.574257425743 0.713846153846
26 0.964285714286 0.258373205742 0.407547169811
